123
267
333
884
1015
1641
1729
2292
2576
2777
2853
3074
3193
3407
3657
4163
4215
4230
4799
4843
5094
5328
5357
5524
5671
5711
5803
6007
6415
8432
9650
10130
10322
10368
11423
12249
12564
12808
14543
15566
16029
16711
16866
17189
17275
17399
17635
18099
18256
18491
18913
19117
19204
19597
19667
19809
19811
19940
20615
20738
21039
21504
22153
22211
22276
22816
22910
23027
23145
23753
25005
25186
25816
25910
25915
26007
26216
26717
26751
26921
27143
27360
28446
28645
28871
28876
28955
29313
29958
30321
30432
30639
30941
31297
31466
31509
32291
32605
32652
32764
